18419
18418
18418
18418
18418
18418
18418
18418
18418
18418
18418
18418
18418
18418
18418
18418
18418
18418
18418
18418
18418
18418
18418
18418
18418
18418
18418
18418
18418
18418
18418
18418
18418
18418
18418
18418
18418
18418
18418
18418
18418
18418
18418
18418
18418
18418
18418
18418
18418
18418
18418
18418
18418
18418
18418
18418
18418
18418
18418
18418
18418
18418
18418
18418
18418
18418
18418
18418
18418
18418
18418
18418
18418
18418
18418
18418
18418
18418
18418
18418
18418
18418
18418
18418
18418
18418
18418
18418
18418
18418
18418
18418
18418
18418
18418
