51475
51469
51465
51464
51462
51462
51461
51461
51460
51459
51456
51452
51448
51448
51447
51437
51437
51433
51433
51431
51429
51423
51408
51401
51401
51401
51399
51399
51399
51396
51395
51391
51391
51391
51391
51391
51390
51390
51389
51384
51384
51379
51374
51373
51372
51372
51371
51370
51370
51369
51368
51367
51366
51365
51365
51365
51365
51364
51364
51310
51310
51310
51310
51310
51310
51309
51308
51308
51305
51304
51303
51303
51302
51302
51302
51302
51300
51298
51298
51296
51294
51292
51290
51289
51289
51289
51288
51282
51279
51278
51276
51276
51276
51276
51275
51265
